[1, 1, 1, 1, 1, 1, 1, 1]  (ω = 1)             3 4 5 6 7 8 9
[1, 1, 1, 1, 1, 1, 1, 2]  (ω = 8)               4 5 6 7 8 9
[1, 1, 1, 1, 1, 1, 1, 3]  (ω = 8)               4 5 6 7 8 9
[1, 1, 1, 1, 1, 1, 1, 4]  (ω = 8)                 5 6 7 8 9
[1, 1, 1, 1, 1, 1, 1, 5]  (ω = 8)                 5 6 7 8 9
[1, 1, 1, 1, 1, 1, 1, 6]  (ω = 8)                   6 7 8 9
[1, 1, 1, 1, 1, 1, 2, 2]  (ω = 28)              4 5 6 7 8 9
[1, 1, 1, 1, 1, 1, 2, 3]  (ω = 56)                5 6 7 8 9
[1, 1, 1, 1, 1, 1, 2, 4]  (ω = 56)                  6 7 8 9
[1, 1, 1, 1, 1, 1, 2, 5]  (ω = 56)                    7 8 9
[1, 1, 1, 1, 1, 1, 2, 6]  (ω = 56)                      8 9
[1, 1, 1, 1, 1, 1, 3, 3]  (ω = 28)                  6 7 8 9
[1, 1, 1, 1, 1, 1, 3, 4]  (ω = 56)                      8 9
[1, 1, 1, 1, 1, 1, 3, 5]  (ω = 56)                        9
[1, 1, 1, 1, 1, 1, 4, 4]  (ω = 28)                        9
[1, 1, 1, 1, 1, 2, 2, 2]  (ω = 56)                5 6 7 8 9
[1, 1, 1, 1, 1, 2, 2, 3]  (ω = 168)                 6 7 8 9
[1, 1, 1, 1, 1, 2, 2, 4]  (ω = 168)                     8 9
[1, 1, 1, 1, 1, 2, 2, 5]  (ω = 168)                       9
[1, 1, 1, 1, 1, 2, 3, 3]  (ω = 168)                     8 9
[1, 1, 1, 1, 2, 2, 2, 2]  (ω = 70)                  6 7 8 9
[1, 1, 1, 1, 2, 2, 2, 3]  (ω = 280)                     8 9
[1, 1, 1, 2, 2, 2, 2, 2]  (ω = 56)                      8 9
[1, 1, 2, 2, 2, 2, 2, 2]  (ω = 28)                        9
[1, 2, 2, 2, 2, 2, 2, 2]  (ω = 8)                         9
[2, 2, 2, 2, 2, 2, 2, 2]  (ω = 1)                   6 7 8 9
[2, 2, 2, 2, 2, 2, 2, 3]  (ω = 8)                         9
[2, 2, 2, 2, 2, 2, 2, 4]  (ω = 8)                         9
