[1, 1, 1, 1]  (ω = 1)        2 3 4 5 6 7 8 9
[1, 1, 1, 2]  (ω = 4)        2 3 4 5 6 7 8 9
[1, 1, 1, 3]  (ω = 4)        2 3 4 5 6 7 8 9
[1, 1, 1, 4]  (ω = 4)        2 3 4 5 6 7 8 9
[1, 1, 1, 5]  (ω = 4)          3 4 5 6 7 8 9
[1, 1, 1, 6]  (ω = 4)          3 4 5 6 7 8 9
[1, 1, 2, 2]  (ω = 6)        2 3 4 5 6 7 8 9
[1, 1, 2, 3]  (ω = 12)       2 3 4 5 6 7 8 9
[1, 1, 2, 4]  (ω = 12)         3 4 5 6 7 8 9
[1, 1, 2, 5]  (ω = 12)         3 4 5 6 7 8 9
[1, 1, 2, 6]  (ω = 12)           4 5 6 7 8 9
[1, 1, 3, 3]  (ω = 6)          3 4 5 6 7 8 9
[1, 1, 3, 4]  (ω = 12)         3 4 5 6 7 8 9
[1, 1, 3, 5]  (ω = 12)           4 5 6 7 8 9
[1, 1, 3, 6]  (ω = 12)           4 5 6 7 8 9
[1, 1, 4, 4]  (ω = 6)            4 5 6 7 8 9
[1, 1, 4, 5]  (ω = 12)           4 5 6 7 8 9
[1, 1, 4, 6]  (ω = 12)             5 6 7 8 9
[1, 1, 5, 5]  (ω = 6)              5 6 7 8 9
[1, 1, 5, 6]  (ω = 12)             5 6 7 8 9
[1, 1, 6, 6]  (ω = 6)                6 7 8 9
[1, 2, 2, 2]  (ω = 4)        2 3 4 5 6 7 8 9
[1, 2, 2, 3]  (ω = 12)         3 4 5 6 7 8 9
[1, 2, 2, 4]  (ω = 12)         3 4 5 6 7 8 9
[1, 2, 2, 5]  (ω = 12)           4 5 6 7 8 9
[1, 2, 2, 6]  (ω = 12)           4 5 6 7 8 9
[1, 2, 3, 3]  (ω = 12)           4 5 6 7 8 9
[1, 2, 3, 4]  (ω = 24)           4 5 6 7 8 9
[1, 2, 3, 5]  (ω = 24)             5 6 7 8 9
[1, 2, 3, 6]  (ω = 24)             5 6 7 8 9
[1, 2, 4, 4]  (ω = 12)             5 6 7 8 9
[1, 2, 4, 5]  (ω = 24)             5 6 7 8 9
[1, 2, 4, 6]  (ω = 24)               6 7 8 9
[1, 2, 5, 5]  (ω = 12)           4 5 6 7 8 9
[1, 2, 5, 6]  (ω = 24)                 7 8 9
[1, 2, 6, 6]  (ω = 12)               6   8 9
[1, 3, 3, 3]  (ω = 4)            4 5 6 7 8 9
[1, 3, 3, 4]  (ω = 12)             5 6 7 8 9
[1, 3, 3, 5]  (ω = 12)             5 6 7 8 9
[1, 3, 3, 6]  (ω = 12)         3     6 7 8 9
[1, 3, 4, 4]  (ω = 12)           4   6 7 8 9
[1, 3, 4, 5]  (ω = 24)             5   7 8 9
[1, 3, 4, 6]  (ω = 24)               6   8 9
[1, 3, 5, 5]  (ω = 12)             5 6 7 8 9
[1, 3, 5, 6]  (ω = 24)           4   6 7   9
[1, 3, 6, 6]  (ω = 12)               6 7 8  
[1, 4, 4, 4]  (ω = 4)              5 6 7 8 9
[1, 4, 4, 5]  (ω = 12)             5 6   8 9
[1, 4, 4, 6]  (ω = 12)               6 7   9
[1, 4, 5, 5]  (ω = 12)             5 6 7 8  
[1, 4, 5, 6]  (ω = 24)               6 7 8 9
[1, 4, 6, 6]  (ω = 12)                 7 8 9
[1, 5, 5, 5]  (ω = 4)        2     5 6 7 8 9
[1, 5, 5, 6]  (ω = 12)             5   7 8 9
[1, 5, 6, 6]  (ω = 12)                 7 8 9
[1, 6, 6, 6]  (ω = 4)                6   8 9
[2, 2, 2, 2]  (ω = 1)        2 3 4 5 6 7 8 9
[2, 2, 2, 3]  (ω = 4)          3 4 5 6 7 8 9
[2, 2, 2, 4]  (ω = 4)        2 3 4 5 6 7 8 9
[2, 2, 2, 5]  (ω = 4)          3 4 5 6 7 8 9
[2, 2, 2, 6]  (ω = 4)          3 4 5 6 7 8 9
[2, 2, 3, 3]  (ω = 6)          3 4 5 6 7 8 9
[2, 2, 3, 4]  (ω = 12)           4 5 6 7 8 9
[2, 2, 3, 5]  (ω = 12)           4 5 6 7 8 9
[2, 2, 3, 6]  (ω = 12)           4 5 6 7 8 9
[2, 2, 4, 4]  (ω = 6)          3 4 5 6 7 8 9
[2, 2, 4, 5]  (ω = 12)           4 5 6 7 8 9
[2, 2, 4, 6]  (ω = 12)           4 5 6 7 8 9
[2, 2, 5, 5]  (ω = 6)              5 6 7 8 9
[2, 2, 5, 6]  (ω = 12)             5 6 7 8 9
[2, 2, 6, 6]  (ω = 6)              5 6 7 8 9
[2, 3, 3, 3]  (ω = 4)            4 5 6 7 8 9
[2, 3, 3, 4]  (ω = 12)           4 5 6 7 8 9
[2, 3, 3, 5]  (ω = 12)           4   6 7 8 9
[2, 3, 3, 6]  (ω = 12)           4 5 6 7 8 9
[2, 3, 4, 4]  (ω = 12)           4 5 6 7 8 9
[2, 3, 4, 5]  (ω = 24)               6 7 8 9
[2, 3, 4, 6]  (ω = 24)           4 5 6 7 8 9
[2, 3, 5, 5]  (ω = 12)               6   8 9
[2, 3, 5, 6]  (ω = 24)               6 7 8 9
[2, 3, 6, 6]  (ω = 12)         3   5 6 7 8 9
[2, 4, 4, 4]  (ω = 4)        2 3 4 5 6 7 8 9
[2, 4, 4, 5]  (ω = 12)             5 6 7 8 9
[2, 4, 4, 6]  (ω = 12)           4 5 6 7 8 9
[2, 4, 5, 5]  (ω = 12)               6 7 8 9
[2, 4, 5, 6]  (ω = 24)               6 7 8 9
[2, 4, 6, 6]  (ω = 12)         3 4 5 6 7 8 9
[2, 5, 5, 5]  (ω = 4)          3 4 5 6 7 8 9
[2, 5, 5, 6]  (ω = 12)               6 7 8 9
[2, 5, 6, 6]  (ω = 12)           4     7 8 9
[2, 6, 6, 6]  (ω = 4)          3 4 5 6 7 8 9
[3, 3, 3, 3]  (ω = 1)        2 3 4 5 6 7 8 9
[3, 3, 3, 4]  (ω = 4)              5 6 7 8 9
[3, 3, 3, 5]  (ω = 4)            4 5 6 7 8 9
[3, 3, 3, 6]  (ω = 4)            4 5 6 7 8 9
[3, 3, 4, 4]  (ω = 6)              5 6 7 8 9
[3, 3, 4, 5]  (ω = 12)             5 6 7 8 9
[3, 3, 4, 6]  (ω = 12)             5 6 7 8 9
[3, 3, 5, 5]  (ω = 6)                6 7 8 9
[3, 3, 5, 6]  (ω = 12)             5   7 8 9
[3, 3, 6, 6]  (ω = 6)          3   5 6 7 8 9
[3, 4, 4, 4]  (ω = 4)            4 5   7 8 9
[3, 4, 4, 5]  (ω = 12)               6 7   9
[3, 4, 4, 6]  (ω = 12)               6 7 8 9
[3, 4, 5, 5]  (ω = 12)         3     6      
[3, 4, 5, 6]  (ω = 24)                 7 8 9
[3, 4, 6, 6]  (ω = 12)               6 7 8 9
[3, 5, 5, 5]  (ω = 4)            4   6 7 8 9
[3, 5, 5, 6]  (ω = 12)           4   6 7 8 9
[3, 5, 6, 6]  (ω = 12)             5   7 8  
[3, 6, 6, 6]  (ω = 4)            4 5 6 7 8 9
[4, 4, 4, 4]  (ω = 1)          3 4 5 6 7 8 9
[4, 4, 4, 5]  (ω = 4)              5   7 8 9
[4, 4, 4, 6]  (ω = 4)            4 5 6 7 8 9
[4, 4, 5, 5]  (ω = 6)              5 6 7 8 9
[4, 4, 5, 6]  (ω = 12)               6 7 8  
[4, 4, 6, 6]  (ω = 6)          3   5 6 7 8 9
[4, 5, 5, 5]  (ω = 4)            4 5 6 7 8 9
[4, 5, 5, 6]  (ω = 12)             5   7 8 9
[4, 5, 6, 6]  (ω = 12)               6 7 8 9
[4, 6, 6, 6]  (ω = 4)            4 5 6 7 8 9
[5, 5, 5, 5]  (ω = 1)          3 4 5 6 7 8 9
[5, 5, 5, 6]  (ω = 4)              5 6 7 8 9
[5, 5, 6, 6]  (ω = 6)              5     8 9
[5, 6, 6, 6]  (ω = 4)                  7 8 9
[6, 6, 6, 6]  (ω = 1)          3   5 6 7 8 9
