[1, 1, 1, 1, 1, 1]  (ω = 1)         2 3 4 5 6 7 8 9
[1, 1, 1, 1, 1, 2]  (ω = 6)         2 3 4 5 6 7 8 9
[1, 1, 1, 1, 1, 3]  (ω = 6)           3 4 5 6 7 8 9
[1, 1, 1, 1, 1, 4]  (ω = 6)           3 4 5 6 7 8 9
[1, 1, 1, 1, 1, 5]  (ω = 6)             4 5 6 7 8 9
[1, 1, 1, 1, 1, 6]  (ω = 6)             4 5 6 7 8 9
[1, 1, 1, 1, 2, 2]  (ω = 15)          3 4 5 6 7 8 9
[1, 1, 1, 1, 2, 3]  (ω = 30)            4 5 6 7 8 9
[1, 1, 1, 1, 2, 4]  (ω = 30)            4 5 6 7 8 9
[1, 1, 1, 1, 2, 5]  (ω = 30)              5 6 7 8 9
[1, 1, 1, 1, 2, 6]  (ω = 30)              5 6 7 8 9
[1, 1, 1, 1, 3, 3]  (ω = 15)            4 5 6 7 8 9
[1, 1, 1, 1, 3, 4]  (ω = 30)              5 6 7 8 9
[1, 1, 1, 1, 3, 5]  (ω = 30)              5 6 7 8 9
[1, 1, 1, 1, 3, 6]  (ω = 30)                6 7 8 9
[1, 1, 1, 1, 4, 4]  (ω = 15)                6 7 8 9
[1, 1, 1, 1, 4, 5]  (ω = 30)                  7 8 9
[1, 1, 1, 1, 4, 6]  (ω = 30)                    8 9
[1, 1, 1, 1, 5, 5]  (ω = 15)                  7 8 9
[1, 1, 1, 1, 5, 6]  (ω = 30)                      9
[1, 1, 1, 2, 2, 2]  (ω = 20)            4 5 6 7 8 9
[1, 1, 1, 2, 2, 3]  (ω = 60)            4 5 6 7 8 9
[1, 1, 1, 2, 2, 4]  (ω = 60)              5 6 7 8 9
[1, 1, 1, 2, 2, 5]  (ω = 60)              5 6 7 8 9
[1, 1, 1, 2, 2, 6]  (ω = 60)                6 7 8 9
[1, 1, 1, 2, 3, 3]  (ω = 60)              5 6 7 8 9
[1, 1, 1, 2, 3, 4]  (ω = 120)               6 7 8 9
[1, 1, 1, 2, 3, 5]  (ω = 120)                 7 8 9
[1, 1, 1, 2, 3, 6]  (ω = 120)                   8 9
[1, 1, 1, 2, 4, 4]  (ω = 60)                  7 8 9
[1, 1, 1, 2, 4, 5]  (ω = 120)                   8 9
[1, 1, 1, 2, 4, 6]  (ω = 120)                     9
[1, 1, 1, 3, 3, 3]  (ω = 20)                6 7 8 9
[1, 1, 1, 3, 3, 4]  (ω = 60)                    8 9
[1, 1, 1, 3, 3, 5]  (ω = 60)                      9
[1, 1, 1, 3, 4, 4]  (ω = 60)                      9
[1, 1, 2, 2, 2, 2]  (ω = 15)            4 5 6 7 8 9
[1, 1, 2, 2, 2, 3]  (ω = 60)              5 6 7 8 9
[1, 1, 2, 2, 2, 4]  (ω = 60)                6 7 8 9
[1, 1, 2, 2, 2, 5]  (ω = 60)                  7 8 9
[1, 1, 2, 2, 2, 6]  (ω = 60)                    8 9
[1, 1, 2, 2, 3, 3]  (ω = 90)                6 7 8 9
[1, 1, 2, 2, 3, 4]  (ω = 180)                   8 9
[1, 1, 2, 2, 3, 5]  (ω = 180)                     9
[1, 1, 2, 2, 4, 4]  (ω = 90)                      9
[1, 1, 2, 3, 3, 3]  (ω = 60)                    8 9
[1, 2, 2, 2, 2, 2]  (ω = 6)               5 6 7 8 9
[1, 2, 2, 2, 2, 3]  (ω = 30)                6 7 8 9
[1, 2, 2, 2, 2, 4]  (ω = 30)                6 7 8 9
[1, 2, 2, 2, 2, 5]  (ω = 30)                    8 9
[1, 2, 2, 2, 2, 6]  (ω = 30)                      9
[1, 2, 2, 2, 3, 3]  (ω = 60)                    8 9
[1, 2, 2, 2, 3, 4]  (ω = 120)                     9
[1, 2, 2, 2, 4, 4]  (ω = 60)                      9
[1, 3, 3, 3, 3, 3]  (ω = 6)                 6      
[1, 4, 4, 4, 4, 4]  (ω = 6)                       9
[1, 5, 5, 5, 5, 5]  (ω = 6)               5     8  
[2, 2, 2, 2, 2, 2]  (ω = 1)           3 4 5 6 7 8 9
[2, 2, 2, 2, 2, 3]  (ω = 6)             4 5 6 7 8 9
[2, 2, 2, 2, 2, 4]  (ω = 6)               5 6 7 8 9
[2, 2, 2, 2, 2, 5]  (ω = 6)               5 6 7 8 9
[2, 2, 2, 2, 2, 6]  (ω = 6)                 6 7 8 9
[2, 2, 2, 2, 3, 3]  (ω = 15)                6 7 8 9
[2, 2, 2, 2, 3, 4]  (ω = 30)                  7 8 9
[2, 2, 2, 2, 3, 5]  (ω = 30)                  7   9
[2, 2, 2, 2, 3, 6]  (ω = 30)                    8 9
[2, 2, 2, 2, 4, 4]  (ω = 15)                6 7 8 9
[2, 2, 2, 2, 4, 5]  (ω = 30)                    8 9
[2, 2, 2, 2, 4, 6]  (ω = 30)                      9
[2, 2, 2, 2, 5, 5]  (ω = 15)                    8  
[2, 2, 2, 2, 6, 6]  (ω = 15)                      9
[2, 2, 2, 3, 3, 3]  (ω = 20)                    8 9
[2, 2, 2, 3, 3, 4]  (ω = 60)                      9
[2, 2, 2, 3, 4, 4]  (ω = 60)                      9
[2, 2, 2, 4, 4, 4]  (ω = 20)                      9
[2, 2, 4, 4, 4, 4]  (ω = 15)                    8 9
[2, 3, 3, 3, 3, 3]  (ω = 6)                       9
[2, 4, 4, 4, 4, 4]  (ω = 6)                       9
[3, 3, 3, 3, 3, 3]  (ω = 1)                 6 7 8 9
[3, 3, 3, 3, 3, 4]  (ω = 6)                     8  
[3, 3, 3, 3, 3, 6]  (ω = 6)                 6      
[3, 4, 4, 4, 4, 4]  (ω = 6)                       9
[4, 4, 4, 4, 4, 4]  (ω = 1)                     8 9
[5, 5, 5, 5, 5, 5]  (ω = 1)               5 6 7 8  
[6, 6, 6, 6, 6, 6]  (ω = 1)                     8  
