[1, 1, 1]  (ω = 1)       2 3 4 5 6 7 8 9
[1, 1, 2]  (ω = 3)       2 3 4 5 6 7 8 9
[1, 1, 3]  (ω = 3)       2 3 4 5 6 7 8 9
[1, 1, 4]  (ω = 3)       2 3 4 5 6 7 8 9
[1, 1, 5]  (ω = 3)       2 3 4 5 6 7 8 9
[1, 1, 6]  (ω = 3)       2 3 4 5 6 7 8 9
[1, 2, 2]  (ω = 3)       2 3 4 5 6 7 8 9
[1, 2, 3]  (ω = 6)       2 3 4 5 6 7 8 9
[1, 2, 4]  (ω = 6)       2 3 4 5 6 7 8 9
[1, 2, 5]  (ω = 6)         3 4 5 6 7 8 9
[1, 2, 6]  (ω = 6)         3 4 5 6 7 8 9
[1, 3, 3]  (ω = 3)       2 3 4 5 6 7 8 9
[1, 3, 4]  (ω = 6)         3 4 5 6 7 8 9
[1, 3, 5]  (ω = 6)       2 3 4 5 6 7 8 9
[1, 3, 6]  (ω = 6)           4 5 6 7 8 9
[1, 4, 4]  (ω = 3)         3 4 5 6 7 8 9
[1, 4, 5]  (ω = 6)     1 2   4 5 6 7 8 9
[1, 4, 6]  (ω = 6)           4 5 6 7 8 9
[1, 5, 5]  (ω = 3)     1   3 4 5 6 7 8 9
[1, 5, 6]  (ω = 6)     1       5 6 7 8 9
[1, 6, 6]  (ω = 3)     1   3   5 6 7 8 9
[2, 2, 2]  (ω = 1)       2 3 4 5 6 7 8 9
[2, 2, 3]  (ω = 3)       2 3 4 5 6 7 8 9
[2, 2, 4]  (ω = 3)       2 3 4 5 6 7 8 9
[2, 2, 5]  (ω = 3)       2 3 4 5 6 7 8 9
[2, 2, 6]  (ω = 3)       2 3 4 5 6 7 8 9
[2, 3, 3]  (ω = 3)         3 4 5 6 7 8 9
[2, 3, 4]  (ω = 6)         3 4 5 6 7 8 9
[2, 3, 5]  (ω = 6)         3 4 5 6 7 8 9
[2, 3, 6]  (ω = 6)         3 4 5 6 7 8 9
[2, 4, 4]  (ω = 3)       2 3 4 5 6 7 8 9
[2, 4, 5]  (ω = 6)         3 4 5 6 7 8 9
[2, 4, 6]  (ω = 6)       2 3 4 5 6 7 8 9
[2, 5, 5]  (ω = 3)       2   4 5 6 7 8 9
[2, 5, 6]  (ω = 6)         3 4 5 6 7 8 9
[2, 6, 6]  (ω = 3)       2 3 4 5 6 7 8 9
[3, 3, 3]  (ω = 1)       2 3 4 5 6 7 8 9
[3, 3, 4]  (ω = 3)         3 4 5 6 7 8 9
[3, 3, 5]  (ω = 3)         3 4 5 6 7 8 9
[3, 3, 6]  (ω = 3)       2 3 4 5 6 7 8 9
[3, 4, 4]  (ω = 3)           4 5 6 7 8 9
[3, 4, 5]  (ω = 6)           4 5 6 7 8 9
[3, 4, 6]  (ω = 6)         3 4 5 6 7 8 9
[3, 5, 5]  (ω = 3)         3 4 5 6 7 8 9
[3, 5, 6]  (ω = 6)           4 5 6 7 8 9
[3, 6, 6]  (ω = 3)       2 3 4 5 6 7 8 9
[4, 4, 4]  (ω = 1)       2 3 4 5 6 7 8 9
[4, 4, 5]  (ω = 3)         3 4 5 6 7 8 9
[4, 4, 6]  (ω = 3)       2 3 4 5 6 7 8 9
[4, 5, 5]  (ω = 3)       2   4 5 6 7 8 9
[4, 5, 6]  (ω = 6)       2   4 5 6 7 8 9
[4, 6, 6]  (ω = 3)       2 3 4 5 6 7 8 9
[5, 5, 5]  (ω = 1)       2 3 4 5 6 7 8 9
[5, 5, 6]  (ω = 3)       2     5 6 7 8 9
[5, 6, 6]  (ω = 3)         3   5 6 7 8 9
[6, 6, 6]  (ω = 1)       2 3 4 5 6 7 8 9
