[1, 1, 1, 1, 1, 1, 1, 1, 1]  (ω = 1)               4 5 6 7 8 9
[1, 1, 1, 1, 1, 1, 1, 1, 2]  (ω = 9)               4 5 6 7 8 9
[1, 1, 1, 1, 1, 1, 1, 1, 3]  (ω = 9)                 5 6 7 8 9
[1, 1, 1, 1, 1, 1, 1, 1, 4]  (ω = 9)                   6 7 8 9
[1, 1, 1, 1, 1, 1, 1, 1, 5]  (ω = 9)                     7 8 9
[1, 1, 1, 1, 1, 1, 1, 1, 6]  (ω = 9)                       8 9
[1, 1, 1, 1, 1, 1, 1, 2, 2]  (ω = 36)                5 6 7 8 9
[1, 1, 1, 1, 1, 1, 1, 2, 3]  (ω = 72)                  6 7 8 9
[1, 1, 1, 1, 1, 1, 1, 2, 4]  (ω = 72)                      8 9
[1, 1, 1, 1, 1, 1, 1, 2, 5]  (ω = 72)                        9
[1, 1, 1, 1, 1, 1, 1, 3, 3]  (ω = 36)                      8 9
[1, 1, 1, 1, 1, 1, 2, 2, 2]  (ω = 84)                  6 7 8 9
[1, 1, 1, 1, 1, 1, 2, 2, 3]  (ω = 252)                     8 9
[1, 1, 1, 1, 1, 2, 2, 2, 2]  (ω = 126)                     8 9
[2, 2, 2, 2, 2, 2, 2, 2, 2]  (ω = 1)                         9
