[1, 1]  (ω = 1)     1 2 3 4 5 6 7 8 9
[1, 2]  (ω = 2)       2 3 4 5 6 7 8 9
[1, 3]  (ω = 2)       2 3 4 5 6 7 8 9
[1, 4]  (ω = 2)       2 3 4 5 6 7 8 9
[1, 5]  (ω = 2)       2 3 4 5 6 7 8 9
[1, 6]  (ω = 2)       2 3 4 5 6 7 8 9
[1, 7]  (ω = 2)       2 3 4 5 6 7 8 9
[1, 8]  (ω = 2)       2 3 4 5 6 7 8 9
[2, 2]  (ω = 1)     1 2 3 4 5 6 7 8 9
[2, 3]  (ω = 2)       2 3 4 5 6 7 8 9
[2, 4]  (ω = 2)     1 2 3 4 5 6 7 8 9
[2, 5]  (ω = 2)       2 3 4 5 6 7 8 9
[2, 6]  (ω = 2)       2 3 4 5 6 7 8 9
[2, 7]  (ω = 2)       2 3 4 5 6 7 8 9
[2, 8]  (ω = 2)     1 2 3 4 5 6 7 8 9
[3, 3]  (ω = 1)     1 2 3 4 5 6 7 8 9
[3, 4]  (ω = 2)       2 3 4 5 6 7 8 9
[3, 5]  (ω = 2)     1 2 3 4 5 6 7 8 9
[3, 6]  (ω = 2)       2 3 4 5 6 7 8 9
[3, 7]  (ω = 2)     1 2 3 4 5 6 7 8 9
[3, 8]  (ω = 2)         3 4 5 6 7 8 9
[4, 4]  (ω = 1)     1 2 3 4 5 6 7 8 9
[4, 5]  (ω = 2)     1 2 3 4 5 6 7 8 9
[4, 6]  (ω = 2)     1 2 3 4 5 6 7 8 9
[4, 7]  (ω = 2)         3 4 5 6 7 8 9
[4, 8]  (ω = 2)     1 2 3 4 5 6 7 8 9
[5, 5]  (ω = 1)     1 2 3 4 5 6 7 8 9
[5, 6]  (ω = 2)     1   3 4 5 6 7 8 9
[5, 7]  (ω = 2)     1 2 3 4 5 6 7 8 9
[5, 8]  (ω = 2)         3 4 5 6 7 8 9
[6, 6]  (ω = 1)     1 2 3 4 5 6 7 8 9
[6, 7]  (ω = 2)     1   3 4 5 6 7 8 9
[6, 8]  (ω = 2)     1 2 3 4 5 6 7 8 9
[7, 7]  (ω = 1)     1 2 3 4 5 6 7 8 9
[7, 8]  (ω = 2)     1 2 3 4 5 6 7 8 9
[8, 8]  (ω = 1)     1 2 3 4 5 6 7 8 9
