[1, 1, 1, 1, 1]  (ω = 1)         2 3 4 5 6 7 8 9
[1, 1, 1, 1, 2]  (ω = 5)         2 3 4 5 6 7 8 9
[1, 1, 1, 1, 3]  (ω = 5)         2 3 4 5 6 7 8 9
[1, 1, 1, 1, 4]  (ω = 5)           3 4 5 6 7 8 9
[1, 1, 1, 1, 5]  (ω = 5)           3 4 5 6 7 8 9
[1, 1, 1, 1, 6]  (ω = 5)             4 5 6 7 8 9
[1, 1, 1, 1, 7]  (ω = 5)           3 4 5 6 7 8 9
[1, 1, 1, 1, 8]  (ω = 5)             4 5 6 7 8 9
[1, 1, 1, 2, 2]  (ω = 10)        2 3 4 5 6 7 8 9
[1, 1, 1, 2, 3]  (ω = 20)          3 4 5 6 7 8 9
[1, 1, 1, 2, 4]  (ω = 20)          3 4 5 6 7 8 9
[1, 1, 1, 2, 5]  (ω = 20)            4 5 6 7 8 9
[1, 1, 1, 2, 6]  (ω = 20)            4 5 6 7 8 9
[1, 1, 1, 2, 7]  (ω = 20)            4 5 6 7 8 9
[1, 1, 1, 2, 8]  (ω = 20)              5 6 7 8 9
[1, 1, 1, 3, 3]  (ω = 10)            4 5 6 7 8 9
[1, 1, 1, 3, 4]  (ω = 20)            4 5 6 7 8 9
[1, 1, 1, 3, 5]  (ω = 20)              5 6 7 8 9
[1, 1, 1, 3, 6]  (ω = 20)              5 6 7 8 9
[1, 1, 1, 3, 7]  (ω = 20)                6 7 8 9
[1, 1, 1, 3, 8]  (ω = 20)                6 7 8 9
[1, 1, 1, 4, 4]  (ω = 10)              5 6 7 8 9
[1, 1, 1, 4, 5]  (ω = 20)              5 6 7 8 9
[1, 1, 1, 4, 6]  (ω = 20)                6 7 8 9
[1, 1, 1, 4, 7]  (ω = 20)                6 7 8 9
[1, 1, 1, 4, 8]  (ω = 20)                6 7 8 9
[1, 1, 1, 5, 5]  (ω = 10)              5 6 7 8 9
[1, 1, 1, 5, 6]  (ω = 20)                  7 8 9
[1, 1, 1, 5, 7]  (ω = 20)                6   8 9
[1, 1, 1, 5, 8]  (ω = 20)                6   8 9
[1, 1, 1, 6, 6]  (ω = 10)                6   8 9
[1, 1, 1, 6, 7]  (ω = 20)                6 7   9
[1, 1, 1, 6, 8]  (ω = 20)                  7   9
[1, 1, 1, 7, 7]  (ω = 10)                6 7   9
[1, 1, 1, 7, 8]  (ω = 20)                    8 9
[1, 1, 1, 8, 8]  (ω = 10)                    8 9
[1, 1, 2, 2, 2]  (ω = 10)          3 4 5 6 7 8 9
[1, 1, 2, 2, 3]  (ω = 30)            4 5 6 7 8 9
[1, 1, 2, 2, 4]  (ω = 30)            4 5 6 7 8 9
[1, 1, 2, 2, 5]  (ω = 30)              5 6 7 8 9
[1, 1, 2, 2, 6]  (ω = 30)              5 6 7 8 9
[1, 1, 2, 2, 7]  (ω = 30)                6 7 8 9
[1, 1, 2, 2, 8]  (ω = 30)                6 7 8 9
[1, 1, 2, 3, 3]  (ω = 30)            4 5 6 7 8 9
[1, 1, 2, 3, 4]  (ω = 60)              5 6 7 8 9
[1, 1, 2, 3, 5]  (ω = 60)              5 6 7 8 9
[1, 1, 2, 3, 6]  (ω = 60)                6 7 8 9
[1, 1, 2, 3, 7]  (ω = 60)                6 7 8 9
[1, 1, 2, 3, 8]  (ω = 60)                6   8 9
[1, 1, 2, 4, 4]  (ω = 30)                6 7 8 9
[1, 1, 2, 4, 5]  (ω = 60)                  7 8 9
[1, 1, 2, 4, 6]  (ω = 60)                    8 9
[1, 1, 2, 4, 7]  (ω = 60)                      9
[1, 1, 2, 4, 8]  (ω = 60)                      9
[1, 1, 2, 5, 5]  (ω = 30)                  7 8 9
[1, 1, 2, 5, 6]  (ω = 60)                      9
[1, 1, 2, 5, 7]  (ω = 60)                      9
[1, 1, 2, 5, 8]  (ω = 60)                      9
[1, 1, 2, 6, 7]  (ω = 60)                      9
[1, 1, 2, 8, 8]  (ω = 30)                      9
[1, 1, 3, 3, 3]  (ω = 10)              5 6 7 8 9
[1, 1, 3, 3, 4]  (ω = 30)                6 7 8 9
[1, 1, 3, 3, 5]  (ω = 30)                  7 8 9
[1, 1, 3, 3, 6]  (ω = 30)                    8 9
[1, 1, 3, 3, 7]  (ω = 30)                      9
[1, 1, 3, 3, 8]  (ω = 30)                6     9
[1, 1, 3, 4, 4]  (ω = 30)                  7 8 9
[1, 1, 3, 4, 5]  (ω = 60)                    8 9
[1, 1, 3, 4, 6]  (ω = 60)                      9
[1, 1, 3, 4, 7]  (ω = 60)                      9
[1, 1, 3, 5, 8]  (ω = 60)                      9
[1, 1, 3, 6, 8]  (ω = 60)                      9
[1, 1, 3, 7, 8]  (ω = 60)                      9
[1, 1, 3, 8, 8]  (ω = 30)                      9
[1, 1, 4, 4, 4]  (ω = 10)                    8 9
[1, 1, 4, 4, 6]  (ω = 30)                6      
[1, 1, 4, 4, 7]  (ω = 30)                6 7    
[1, 1, 4, 4, 8]  (ω = 30)                      9
[1, 1, 4, 5, 5]  (ω = 30)                6      
[1, 1, 4, 5, 6]  (ω = 60)                  7    
[1, 1, 4, 5, 7]  (ω = 60)                    8 9
[1, 1, 4, 5, 8]  (ω = 60)                    8 9
[1, 1, 4, 6, 6]  (ω = 30)                    8  
[1, 1, 4, 6, 7]  (ω = 60)                    8 9
[1, 1, 4, 6, 8]  (ω = 60)                      9
[1, 1, 4, 7, 7]  (ω = 30)                      9
[1, 1, 4, 7, 8]  (ω = 60)                      9
[1, 1, 5, 5, 5]  (ω = 10)              5   7 8  
[1, 1, 5, 5, 6]  (ω = 30)                    8 9
[1, 1, 5, 5, 7]  (ω = 30)                    8 9
[1, 1, 5, 5, 8]  (ω = 30)                      9
[1, 1, 5, 6, 6]  (ω = 30)                    8 9
[1, 1, 5, 6, 7]  (ω = 60)                      9
[1, 1, 6, 6, 6]  (ω = 10)                      9
[1, 1, 6, 6, 7]  (ω = 30)                6     9
[1, 1, 7, 7, 7]  (ω = 10)                6     9
[1, 1, 7, 8, 8]  (ω = 30)                      9
[1, 1, 8, 8, 8]  (ω = 10)                6     9
[1, 2, 2, 2, 2]  (ω = 5)           3 4 5 6 7 8 9
[1, 2, 2, 2, 3]  (ω = 20)            4 5 6 7 8 9
[1, 2, 2, 2, 4]  (ω = 20)              5 6 7 8 9
[1, 2, 2, 2, 5]  (ω = 20)              5 6 7 8 9
[1, 2, 2, 2, 6]  (ω = 20)                6 7 8 9
[1, 2, 2, 2, 7]  (ω = 20)                6 7 8 9
[1, 2, 2, 2, 8]  (ω = 20)                6 7 8 9
[1, 2, 2, 3, 3]  (ω = 30)              5 6 7 8 9
[1, 2, 2, 3, 4]  (ω = 60)                6 7 8 9
[1, 2, 2, 3, 5]  (ω = 60)                  7 8 9
[1, 2, 2, 3, 6]  (ω = 60)                    8 9
[1, 2, 2, 3, 7]  (ω = 60)                      9
[1, 2, 2, 3, 8]  (ω = 60)                      9
[1, 2, 2, 4, 4]  (ω = 30)                6 7 8 9
[1, 2, 2, 4, 5]  (ω = 60)                    8 9
[1, 2, 2, 4, 6]  (ω = 60)                      9
[1, 2, 2, 4, 7]  (ω = 60)                      9
[1, 2, 2, 4, 8]  (ω = 60)                      9
[1, 2, 2, 5, 5]  (ω = 30)                    8  
[1, 2, 2, 5, 6]  (ω = 60)                      9
[1, 2, 2, 6, 6]  (ω = 30)                      9
[1, 2, 3, 3, 3]  (ω = 20)                6 7 8 9
[1, 2, 3, 3, 4]  (ω = 60)                    8 9
[1, 2, 3, 3, 5]  (ω = 60)                  7   9
[1, 2, 3, 3, 7]  (ω = 60)                  7   9
[1, 2, 3, 3, 8]  (ω = 60)                      9
[1, 2, 3, 4, 4]  (ω = 60)                6     9
[1, 2, 3, 5, 5]  (ω = 60)                    8 9
[1, 2, 4, 4, 4]  (ω = 20)                      9
[1, 2, 4, 4, 5]  (ω = 60)                      9
[1, 2, 4, 4, 8]  (ω = 60)                      9
[1, 2, 4, 6, 6]  (ω = 60)                      9
[1, 2, 4, 8, 8]  (ω = 60)                      9
[1, 2, 5, 5, 5]  (ω = 20)                    8  
[1, 2, 5, 5, 7]  (ω = 60)                      9
[1, 2, 8, 8, 8]  (ω = 20)                      9
[1, 3, 3, 3, 3]  (ω = 5)                 6 7 8 9
[1, 3, 3, 3, 4]  (ω = 20)                6   8  
[1, 3, 3, 3, 5]  (ω = 20)                      9
[1, 3, 3, 3, 6]  (ω = 20)                6   8  
[1, 3, 3, 3, 7]  (ω = 20)                      9
[1, 3, 3, 3, 8]  (ω = 20)                      9
[1, 3, 3, 4, 4]  (ω = 30)                      9
[1, 3, 3, 4, 5]  (ω = 60)                      9
[1, 3, 3, 4, 7]  (ω = 60)                      9
[1, 3, 3, 8, 8]  (ω = 30)                      9
[1, 3, 4, 4, 4]  (ω = 20)                      9
[1, 4, 4, 4, 4]  (ω = 5)                     8 9
[1, 4, 4, 4, 8]  (ω = 20)                      9
[1, 4, 5, 7, 7]  (ω = 60)                      9
[1, 5, 5, 5, 5]  (ω = 5)               5 6 7 8  
[1, 5, 5, 5, 6]  (ω = 20)                      9
[1, 5, 5, 5, 7]  (ω = 20)                  7    
[1, 5, 5, 5, 8]  (ω = 20)                      9
[1, 5, 5, 6, 6]  (ω = 30)                      9
[1, 6, 6, 6, 6]  (ω = 5)                     8  
[1, 6, 6, 6, 7]  (ω = 20)                      9
[1, 6, 7, 7, 8]  (ω = 60)                  7    
[1, 7, 7, 7, 7]  (ω = 5)                 6 7   9
[1, 7, 7, 7, 8]  (ω = 20)                6      
[1, 7, 7, 8, 8]  (ω = 30)                6      
[1, 7, 8, 8, 8]  (ω = 20)                6      
[1, 8, 8, 8, 8]  (ω = 5)           3     6   8 9
[2, 2, 2, 2, 2]  (ω = 1)         2 3 4 5 6 7 8 9
[2, 2, 2, 2, 3]  (ω = 5)             4 5 6 7 8 9
[2, 2, 2, 2, 4]  (ω = 5)           3 4 5 6 7 8 9
[2, 2, 2, 2, 5]  (ω = 5)             4 5 6 7 8 9
[2, 2, 2, 2, 6]  (ω = 5)             4 5 6 7 8 9
[2, 2, 2, 2, 7]  (ω = 5)             4 5 6 7 8 9
[2, 2, 2, 2, 8]  (ω = 5)               5 6 7 8 9
[2, 2, 2, 3, 3]  (ω = 10)            4 5 6 7 8 9
[2, 2, 2, 3, 4]  (ω = 20)            4 5 6 7 8 9
[2, 2, 2, 3, 5]  (ω = 20)                6 7 8 9
[2, 2, 2, 3, 6]  (ω = 20)              5 6 7 8 9
[2, 2, 2, 3, 7]  (ω = 20)                  7 8 9
[2, 2, 2, 3, 8]  (ω = 20)                  7 8 9
[2, 2, 2, 4, 4]  (ω = 10)              5 6 7 8 9
[2, 2, 2, 4, 5]  (ω = 20)              5 6 7 8 9
[2, 2, 2, 4, 6]  (ω = 20)                6 7 8 9
[2, 2, 2, 4, 7]  (ω = 20)                6 7 8 9
[2, 2, 2, 4, 8]  (ω = 20)                6 7 8 9
[2, 2, 2, 5, 5]  (ω = 10)                6 7 8 9
[2, 2, 2, 5, 6]  (ω = 20)                  7 8 9
[2, 2, 2, 5, 7]  (ω = 20)                    8 9
[2, 2, 2, 5, 8]  (ω = 20)                    8 9
[2, 2, 2, 6, 6]  (ω = 10)                6   8 9
[2, 2, 2, 6, 7]  (ω = 20)                6 7   9
[2, 2, 2, 6, 8]  (ω = 20)                  7   9
[2, 2, 2, 7, 7]  (ω = 10)                      9
[2, 2, 2, 7, 8]  (ω = 20)                    8 9
[2, 2, 2, 8, 8]  (ω = 10)                    8 9
[2, 2, 3, 3, 3]  (ω = 10)                6 7 8 9
[2, 2, 3, 3, 4]  (ω = 30)                6 7 8 9
[2, 2, 3, 3, 5]  (ω = 30)                    8 9
[2, 2, 3, 3, 6]  (ω = 30)                6 7 8 9
[2, 2, 3, 3, 8]  (ω = 30)                      9
[2, 2, 3, 4, 4]  (ω = 30)                  7 8 9
[2, 2, 3, 4, 5]  (ω = 60)                  7   9
[2, 2, 3, 4, 6]  (ω = 60)                    8 9
[2, 2, 3, 4, 7]  (ω = 60)                      9
[2, 2, 3, 4, 8]  (ω = 60)                      9
[2, 2, 3, 5, 6]  (ω = 60)                      9
[2, 2, 3, 6, 6]  (ω = 30)                    8  
[2, 2, 4, 4, 4]  (ω = 10)              5 6 7 8 9
[2, 2, 4, 4, 5]  (ω = 30)                    8 9
[2, 2, 4, 4, 6]  (ω = 30)                6 7   9
[2, 2, 4, 4, 7]  (ω = 30)                6   8 9
[2, 2, 4, 4, 8]  (ω = 30)                6 7 8 9
[2, 2, 4, 5, 5]  (ω = 30)                  7 8  
[2, 2, 4, 5, 6]  (ω = 60)                  7 8  
[2, 2, 4, 5, 8]  (ω = 60)                    8  
[2, 2, 4, 6, 6]  (ω = 30)                    8 9
[2, 2, 4, 6, 8]  (ω = 60)                      9
[2, 2, 4, 8, 8]  (ω = 30)                  7   9
[2, 2, 5, 5, 5]  (ω = 10)                    8 9
[2, 2, 5, 5, 6]  (ω = 30)                      9
[2, 2, 6, 6, 6]  (ω = 10)                6   8  
[2, 2, 6, 6, 8]  (ω = 30)                  7   9
[2, 2, 6, 8, 8]  (ω = 30)                      9
[2, 2, 7, 7, 7]  (ω = 10)                  7    
[2, 2, 8, 8, 8]  (ω = 10)              5     8 9
[2, 3, 3, 3, 3]  (ω = 5)             4 5 6     9
[2, 3, 3, 3, 4]  (ω = 20)                  7 8 9
[2, 3, 3, 3, 5]  (ω = 20)                  7 8 9
[2, 3, 3, 3, 6]  (ω = 20)                      9
[2, 3, 3, 3, 7]  (ω = 20)                  7 8 9
[2, 3, 3, 4, 4]  (ω = 30)                  7   9
[2, 3, 3, 4, 6]  (ω = 60)                      9
[2, 3, 3, 5, 5]  (ω = 30)                  7   9
[2, 3, 4, 4, 4]  (ω = 20)                  7 8 9
[2, 3, 4, 4, 6]  (ω = 60)                  7    
[2, 3, 4, 4, 8]  (ω = 60)                      9
[2, 3, 4, 6, 6]  (ω = 60)                      9
[2, 3, 6, 6, 6]  (ω = 20)                    8 9
[2, 3, 8, 8, 8]  (ω = 20)                      9
[2, 4, 4, 4, 4]  (ω = 5)               5 6 7 8 9
[2, 4, 4, 4, 5]  (ω = 20)                    8  
[2, 4, 4, 4, 6]  (ω = 20)                  7 8 9
[2, 4, 4, 4, 8]  (ω = 20)                6 7 8 9
[2, 4, 4, 5, 8]  (ω = 60)                    8  
[2, 4, 4, 6, 6]  (ω = 30)                6   8 9
[2, 4, 4, 6, 8]  (ω = 60)                  7   9
[2, 4, 4, 8, 8]  (ω = 30)                    8 9
[2, 4, 6, 6, 6]  (ω = 20)                6 7 8 9
[2, 4, 6, 6, 8]  (ω = 60)                  7   9
[2, 4, 6, 8, 8]  (ω = 60)                    8 9
[2, 4, 8, 8, 8]  (ω = 20)                6 7 8 9
[2, 5, 5, 5, 5]  (ω = 5)                 6   8 9
[2, 5, 5, 5, 6]  (ω = 20)                  7   9
[2, 6, 6, 6, 6]  (ω = 5)                 6   8 9
[2, 6, 6, 6, 8]  (ω = 20)                  7   9
[2, 6, 6, 8, 8]  (ω = 30)                    8 9
[2, 6, 8, 8, 8]  (ω = 20)                      9
[2, 7, 7, 7, 7]  (ω = 5)                   7    
[2, 8, 8, 8, 8]  (ω = 5)                     8 9
[3, 3, 3, 3, 3]  (ω = 1)             4 5 6 7 8 9
[3, 3, 3, 3, 4]  (ω = 5)               5 6 7 8 9
[3, 3, 3, 3, 5]  (ω = 5)               5   7 8 9
[3, 3, 3, 3, 6]  (ω = 5)                 6 7 8 9
[3, 3, 3, 3, 7]  (ω = 5)                   7 8 9
[3, 3, 3, 3, 8]  (ω = 5)             4   6     9
[3, 3, 3, 4, 4]  (ω = 10)                  7 8 9
[3, 3, 3, 4, 5]  (ω = 20)                  7 8  
[3, 3, 3, 4, 6]  (ω = 20)                    8 9
[3, 3, 3, 5, 5]  (ω = 10)                    8 9
[3, 3, 3, 5, 6]  (ω = 20)                  7    
[3, 3, 3, 5, 8]  (ω = 20)                    8  
[3, 3, 3, 6, 6]  (ω = 10)                6 7 8  
[3, 3, 3, 6, 7]  (ω = 20)                    8  
[3, 3, 3, 6, 8]  (ω = 20)                      9
[3, 3, 4, 4, 4]  (ω = 10)                    8 9
[3, 3, 4, 4, 6]  (ω = 30)                      9
[3, 3, 4, 6, 6]  (ω = 30)                  7 8  
[3, 3, 5, 6, 6]  (ω = 30)                  7 8  
[3, 3, 6, 6, 6]  (ω = 10)                6   8 9
[3, 4, 4, 4, 4]  (ω = 5)                       9
[3, 4, 4, 4, 8]  (ω = 20)                      9
[3, 4, 4, 6, 6]  (ω = 30)                  7    
[3, 4, 6, 6, 6]  (ω = 20)                6   8 9
[3, 5, 5, 5, 5]  (ω = 5)                 6 7    
[3, 5, 6, 6, 6]  (ω = 20)                  7    
[3, 6, 6, 6, 6]  (ω = 5)                 6 7 8  
[3, 6, 6, 6, 8]  (ω = 20)                      9
[3, 7, 7, 7, 7]  (ω = 5)                     8  
[3, 7, 7, 7, 8]  (ω = 20)                    8  
[3, 8, 8, 8, 8]  (ω = 5)                   7   9
[4, 4, 4, 4, 4]  (ω = 1)               5 6 7 8 9
[4, 4, 4, 4, 5]  (ω = 5)                     8 9
[4, 4, 4, 4, 6]  (ω = 5)                 6 7   9
[4, 4, 4, 4, 7]  (ω = 5)                     8 9
[4, 4, 4, 4, 8]  (ω = 5)                 6 7 8 9
[4, 4, 4, 5, 6]  (ω = 20)                  7    
[4, 4, 4, 5, 8]  (ω = 20)                    8  
[4, 4, 4, 6, 6]  (ω = 10)                  7 8 9
[4, 4, 4, 6, 7]  (ω = 20)                    8  
[4, 4, 4, 6, 8]  (ω = 20)                6   8 9
[4, 4, 4, 7, 7]  (ω = 10)                  7    
[4, 4, 4, 8, 8]  (ω = 10)              5   7   9
[4, 4, 5, 5, 5]  (ω = 10)              5        
[4, 4, 6, 6, 6]  (ω = 10)                6     9
[4, 4, 6, 6, 8]  (ω = 30)                6     9
[4, 4, 6, 8, 8]  (ω = 30)                      9
[4, 4, 7, 7, 7]  (ω = 10)                      9
[4, 4, 8, 8, 8]  (ω = 10)                    8 9
[4, 5, 5, 5, 5]  (ω = 5)               5     8  
[4, 5, 6, 6, 6]  (ω = 20)                    8  
[4, 6, 6, 6, 6]  (ω = 5)                   7 8 9
[4, 6, 6, 6, 8]  (ω = 20)                6   8 9
[4, 6, 6, 8, 8]  (ω = 30)                      9
[4, 6, 8, 8, 8]  (ω = 20)                    8 9
[4, 7, 7, 7, 7]  (ω = 5)                   7 8  
[4, 8, 8, 8, 8]  (ω = 5)               5   7   9
[5, 5, 5, 5, 5]  (ω = 1)               5 6 7 8 9
[5, 5, 5, 5, 6]  (ω = 5)               5   7 8 9
[5, 5, 5, 5, 7]  (ω = 5)                     8  
[5, 5, 5, 5, 8]  (ω = 5)                       9
[5, 5, 5, 7, 7]  (ω = 10)                      9
[5, 8, 8, 8, 8]  (ω = 5)                     8  
[6, 6, 6, 6, 6]  (ω = 1)                 6   8 9
[6, 6, 6, 6, 8]  (ω = 5)                 6 7   9
[6, 6, 6, 8, 8]  (ω = 10)                      9
[6, 6, 7, 7, 7]  (ω = 10)                6     9
[6, 6, 8, 8, 8]  (ω = 10)                      9
[6, 7, 7, 7, 7]  (ω = 5)                 6 7   9
[6, 8, 8, 8, 8]  (ω = 5)                       9
[7, 7, 7, 7, 7]  (ω = 1)           3     6 7   9
[7, 7, 7, 7, 8]  (ω = 5)                 6     9
[7, 7, 7, 8, 8]  (ω = 10)                6     9
[7, 7, 8, 8, 8]  (ω = 10)                6     9
[7, 8, 8, 8, 8]  (ω = 5)                 6   8 9
[8, 8, 8, 8, 8]  (ω = 1)             4 5 6   8 9
