[1, 1, 1, 1, 1, 1, 1]  (ω = 1)          2 3 4 5 6 7 8 9
[1, 1, 1, 1, 1, 1, 2]  (ω = 7)            3 4 5 6 7 8 9
[1, 1, 1, 1, 1, 1, 3]  (ω = 7)              4 5 6 7 8 9
[1, 1, 1, 1, 1, 1, 4]  (ω = 7)              4 5 6 7 8 9
[1, 1, 1, 1, 1, 1, 5]  (ω = 7)                5 6 7 8 9
[1, 1, 1, 1, 1, 1, 6]  (ω = 7)                5 6 7 8 9
[1, 1, 1, 1, 1, 1, 7]  (ω = 7)                  6 7 8 9
[1, 1, 1, 1, 1, 1, 8]  (ω = 7)                  6 7 8 9
[1, 1, 1, 1, 1, 2, 2]  (ω = 21)             4 5 6 7 8 9
[1, 1, 1, 1, 1, 2, 3]  (ω = 42)             4 5 6 7 8 9
[1, 1, 1, 1, 1, 2, 4]  (ω = 42)               5 6 7 8 9
[1, 1, 1, 1, 1, 2, 5]  (ω = 42)               5 6 7 8 9
[1, 1, 1, 1, 1, 2, 6]  (ω = 42)                 6 7 8 9
[1, 1, 1, 1, 1, 2, 7]  (ω = 42)                 6 7 8 9
[1, 1, 1, 1, 1, 2, 8]  (ω = 42)                 6   8 9
[1, 1, 1, 1, 1, 3, 3]  (ω = 21)               5 6 7 8 9
[1, 1, 1, 1, 1, 3, 4]  (ω = 42)                 6 7 8 9
[1, 1, 1, 1, 1, 3, 5]  (ω = 42)                   7 8 9
[1, 1, 1, 1, 1, 3, 6]  (ω = 42)                     8 9
[1, 1, 1, 1, 1, 3, 7]  (ω = 42)                       9
[1, 1, 1, 1, 1, 3, 8]  (ω = 42)                       9
[1, 1, 1, 1, 1, 4, 4]  (ω = 21)                   7 8 9
[1, 1, 1, 1, 1, 4, 5]  (ω = 42)                     8 9
[1, 1, 1, 1, 1, 4, 6]  (ω = 42)                       9
[1, 1, 1, 1, 1, 4, 7]  (ω = 42)                       9
[1, 1, 1, 1, 2, 2, 2]  (ω = 35)             4 5 6 7 8 9
[1, 1, 1, 1, 2, 2, 3]  (ω = 105)              5 6 7 8 9
[1, 1, 1, 1, 2, 2, 4]  (ω = 105)                6 7 8 9
[1, 1, 1, 1, 2, 2, 5]  (ω = 105)                  7 8 9
[1, 1, 1, 1, 2, 2, 6]  (ω = 105)                    8 9
[1, 1, 1, 1, 2, 2, 7]  (ω = 105)                      9
[1, 1, 1, 1, 2, 2, 8]  (ω = 105)                      9
[1, 1, 1, 1, 2, 3, 3]  (ω = 105)                6 7 8 9
[1, 1, 1, 1, 2, 3, 4]  (ω = 210)                    8 9
[1, 1, 1, 1, 2, 3, 5]  (ω = 210)                      9
[1, 1, 1, 1, 2, 3, 7]  (ω = 210)                      9
[1, 1, 1, 1, 2, 4, 4]  (ω = 105)                      9
[1, 1, 1, 1, 3, 3, 3]  (ω = 35)                     8 9
[1, 1, 1, 2, 2, 2, 2]  (ω = 35)               5 6 7 8 9
[1, 1, 1, 2, 2, 2, 3]  (ω = 140)                6 7 8 9
[1, 1, 1, 2, 2, 2, 4]  (ω = 140)                    8 9
[1, 1, 1, 2, 2, 2, 5]  (ω = 140)                      9
[1, 1, 1, 2, 2, 2, 7]  (ω = 140)                      9
[1, 1, 1, 2, 2, 3, 3]  (ω = 210)                    8 9
[1, 1, 2, 2, 2, 2, 2]  (ω = 21)                 6 7 8 9
[1, 1, 2, 2, 2, 2, 3]  (ω = 105)                    8 9
[1, 1, 2, 2, 2, 2, 4]  (ω = 105)                      9
[1, 2, 2, 2, 2, 2, 2]  (ω = 7)                  6 7 8 9
[1, 2, 2, 2, 2, 2, 3]  (ω = 42)                       9
[1, 2, 2, 2, 2, 2, 4]  (ω = 42)                       9
[2, 2, 2, 2, 2, 2, 2]  (ω = 1)                5 6 7 8 9
[2, 2, 2, 2, 2, 2, 3]  (ω = 7)                    7 8 9
[2, 2, 2, 2, 2, 2, 4]  (ω = 7)                  6 7 8 9
[2, 2, 2, 2, 2, 2, 5]  (ω = 7)                      8 9
[2, 2, 2, 2, 2, 2, 6]  (ω = 7)                        9
[2, 2, 2, 2, 2, 2, 7]  (ω = 7)                        9
[2, 2, 2, 2, 2, 2, 8]  (ω = 7)                        9
[2, 2, 2, 2, 2, 3, 3]  (ω = 21)                       9
[2, 2, 2, 2, 2, 3, 4]  (ω = 42)                       9
[2, 2, 2, 2, 2, 4, 4]  (ω = 21)                       9
[3, 3, 3, 3, 3, 3, 3]  (ω = 1)                  6      
[4, 4, 4, 4, 4, 4, 4]  (ω = 1)                        9
[5, 5, 5, 5, 5, 5, 5]  (ω = 1)                      8  
[8, 8, 8, 8, 8, 8, 8]  (ω = 1)                        9
