[1, 1, 1]  (ω = 1)       2 3 4 5 6 7 8 9
[1, 1, 2]  (ω = 3)       2 3 4 5 6 7 8 9
[1, 1, 3]  (ω = 3)       2 3 4 5 6 7 8 9
[1, 1, 4]  (ω = 3)       2 3 4 5 6 7 8 9
[1, 1, 5]  (ω = 3)       2 3 4 5 6 7 8 9
[1, 1, 6]  (ω = 3)       2 3 4 5 6 7 8 9
[1, 1, 7]  (ω = 3)       2 3 4 5 6 7 8 9
[1, 1, 8]  (ω = 3)       2 3 4 5 6 7 8 9
[1, 2, 2]  (ω = 3)       2 3 4 5 6 7 8 9
[1, 2, 3]  (ω = 6)       2 3 4 5 6 7 8 9
[1, 2, 4]  (ω = 6)       2 3 4 5 6 7 8 9
[1, 2, 5]  (ω = 6)         3 4 5 6 7 8 9
[1, 2, 6]  (ω = 6)         3 4 5 6 7 8 9
[1, 2, 7]  (ω = 6)         3 4 5 6 7 8 9
[1, 2, 8]  (ω = 6)         3 4 5 6 7 8 9
[1, 3, 3]  (ω = 3)       2 3 4 5 6 7 8 9
[1, 3, 4]  (ω = 6)         3 4 5 6 7 8 9
[1, 3, 5]  (ω = 6)       2 3 4 5 6 7 8 9
[1, 3, 6]  (ω = 6)           4 5 6 7 8 9
[1, 3, 7]  (ω = 6)         3 4 5 6 7 8 9
[1, 3, 8]  (ω = 6)           4 5 6 7 8 9
[1, 4, 4]  (ω = 3)         3 4 5 6 7 8 9
[1, 4, 5]  (ω = 6)     1 2   4 5 6 7 8 9
[1, 4, 6]  (ω = 6)           4 5 6 7 8 9
[1, 4, 7]  (ω = 6)           4 5 6 7 8 9
[1, 4, 8]  (ω = 6)         3   5 6 7 8 9
[1, 5, 5]  (ω = 3)     1   3 4 5 6 7 8 9
[1, 5, 6]  (ω = 6)     1       5 6 7 8 9
[1, 5, 7]  (ω = 6)         3 4 5 6 7 8 9
[1, 5, 8]  (ω = 6)         3   5 6 7 8 9
[1, 6, 6]  (ω = 3)     1   3   5 6 7 8 9
[1, 6, 7]  (ω = 6)     1   3     6 7 8 9
[1, 6, 8]  (ω = 6)         3 4   6 7 8 9
[1, 7, 7]  (ω = 3)     1   3 4 5 6 7 8 9
[1, 7, 8]  (ω = 6)     1 2 3 4 5 6 7 8 9
[1, 8, 8]  (ω = 3)     1   3 4 5 6 7 8 9
[2, 2, 2]  (ω = 1)       2 3 4 5 6 7 8 9
[2, 2, 3]  (ω = 3)       2 3 4 5 6 7 8 9
[2, 2, 4]  (ω = 3)       2 3 4 5 6 7 8 9
[2, 2, 5]  (ω = 3)       2 3 4 5 6 7 8 9
[2, 2, 6]  (ω = 3)       2 3 4 5 6 7 8 9
[2, 2, 7]  (ω = 3)         3 4 5 6 7 8 9
[2, 2, 8]  (ω = 3)       2 3 4 5 6 7 8 9
[2, 3, 3]  (ω = 3)         3 4 5 6 7 8 9
[2, 3, 4]  (ω = 6)         3 4 5 6 7 8 9
[2, 3, 5]  (ω = 6)         3 4 5 6 7 8 9
[2, 3, 6]  (ω = 6)         3 4 5 6 7 8 9
[2, 3, 7]  (ω = 6)           4 5 6 7 8 9
[2, 3, 8]  (ω = 6)           4 5 6 7 8 9
[2, 4, 4]  (ω = 3)       2 3 4 5 6 7 8 9
[2, 4, 5]  (ω = 6)         3 4 5 6 7 8 9
[2, 4, 6]  (ω = 6)       2 3 4 5 6 7 8 9
[2, 4, 7]  (ω = 6)         3 4 5 6 7 8 9
[2, 4, 8]  (ω = 6)     1 2 3 4 5 6 7 8 9
[2, 5, 5]  (ω = 3)       2   4 5 6 7 8 9
[2, 5, 6]  (ω = 6)         3 4 5 6 7 8 9
[2, 5, 7]  (ω = 6)             5 6 7 8 9
[2, 5, 8]  (ω = 6)         3 4 5 6 7 8 9
[2, 6, 6]  (ω = 3)       2 3 4 5 6 7 8 9
[2, 6, 7]  (ω = 6)           4 5 6 7 8 9
[2, 6, 8]  (ω = 6)         3 4 5 6 7 8 9
[2, 7, 7]  (ω = 3)       2 3 4   6 7 8 9
[2, 7, 8]  (ω = 6)           4 5 6 7 8 9
[2, 8, 8]  (ω = 3)       2 3 4 5 6 7 8 9
[3, 3, 3]  (ω = 1)       2 3 4 5 6 7 8 9
[3, 3, 4]  (ω = 3)         3 4 5 6 7 8 9
[3, 3, 5]  (ω = 3)         3 4 5 6 7 8 9
[3, 3, 6]  (ω = 3)       2 3 4 5 6 7 8 9
[3, 3, 7]  (ω = 3)         3 4 5 6 7 8 9
[3, 3, 8]  (ω = 3)         3 4 5 6 7 8 9
[3, 4, 4]  (ω = 3)           4 5 6 7 8 9
[3, 4, 5]  (ω = 6)           4 5 6 7 8 9
[3, 4, 6]  (ω = 6)         3 4 5 6 7 8 9
[3, 4, 7]  (ω = 6)             5 6 7 8 9
[3, 4, 8]  (ω = 6)       2   4 5 6 7 8 9
[3, 5, 5]  (ω = 3)         3 4 5 6 7 8 9
[3, 5, 6]  (ω = 6)           4 5 6 7 8 9
[3, 5, 7]  (ω = 6)       2 3 4 5 6 7 8 9
[3, 5, 8]  (ω = 6)       2       6 7 8 9
[3, 6, 6]  (ω = 3)       2 3 4 5 6 7 8 9
[3, 6, 7]  (ω = 6)         3 4 5 6 7 8 9
[3, 6, 8]  (ω = 6)         3 4 5 6 7 8 9
[3, 7, 7]  (ω = 3)         3 4 5 6 7 8 9
[3, 7, 8]  (ω = 6)                 7 8 9
[3, 8, 8]  (ω = 3)           4 5   7 8 9
[4, 4, 4]  (ω = 1)       2 3 4 5 6 7 8 9
[4, 4, 5]  (ω = 3)         3 4 5 6 7 8 9
[4, 4, 6]  (ω = 3)       2 3 4 5 6 7 8 9
[4, 4, 7]  (ω = 3)       2   4 5 6 7 8 9
[4, 4, 8]  (ω = 3)       2 3 4 5 6 7 8 9
[4, 5, 5]  (ω = 3)       2   4 5 6 7 8 9
[4, 5, 6]  (ω = 6)       2   4 5 6 7 8 9
[4, 5, 7]  (ω = 6)             5 6 7 8 9
[4, 5, 8]  (ω = 6)         3   5 6 7 8 9
[4, 6, 6]  (ω = 3)       2 3 4 5 6 7 8 9
[4, 6, 7]  (ω = 6)         3   5 6 7 8 9
[4, 6, 8]  (ω = 6)       2 3 4 5 6 7 8 9
[4, 7, 7]  (ω = 3)       2 3 4   6 7 8 9
[4, 7, 8]  (ω = 6)           4 5 6 7 8 9
[4, 8, 8]  (ω = 3)       2 3 4 5 6 7 8 9
[5, 5, 5]  (ω = 1)       2 3 4 5 6 7 8 9
[5, 5, 6]  (ω = 3)       2     5 6 7 8 9
[5, 5, 7]  (ω = 3)         3 4 5 6 7 8 9
[5, 5, 8]  (ω = 3)         3 4 5 6 7 8 9
[5, 6, 6]  (ω = 3)         3   5 6 7 8 9
[5, 6, 7]  (ω = 6)       2       6 7 8 9
[5, 6, 8]  (ω = 6)       2   4   6 7 8 9
[5, 7, 7]  (ω = 3)       2   4 5 6 7 8 9
[5, 7, 8]  (ω = 6)       2 3 4     7 8 9
[5, 8, 8]  (ω = 3)         3 4 5   7 8 9
[6, 6, 6]  (ω = 1)       2 3 4 5 6 7 8 9
[6, 6, 7]  (ω = 3)       2   4   6 7 8 9
[6, 6, 8]  (ω = 3)       2 3 4 5 6 7 8 9
[6, 7, 7]  (ω = 3)       2 3 4   6 7 8 9
[6, 7, 8]  (ω = 6)       2 3   5 6 7 8 9
[6, 8, 8]  (ω = 3)       2 3 4 5 6 7 8 9
[7, 7, 7]  (ω = 1)       2 3 4 5 6 7 8 9
[7, 7, 8]  (ω = 3)       2 3   5 6 7 8 9
[7, 8, 8]  (ω = 3)       2   4 5 6   8 9
[8, 8, 8]  (ω = 1)       2 3 4 5 6 7 8 9
